Q1: 0.666202 Tm
Q2: -0.444421 Tm
ED1: -2.71994kV/cm
MD: 0.487625 Tm
ED2: -2.71994kV/cm
Q3: -0.303569 Tm
Q4: 0.391322 Tm
