Q1: 0.440065 Tm
Q2: -0.293565 Tm
ED1: -9.9933kV/cm
MD: 0.322104 Tm
ED2: -9.9933kV/cm
Q3: -0.200525 Tm
Q4: 0.25849 Tm
