Q1: 0.366589 Tm
Q2: -0.24455 Tm
ED1: -5.21345kV/cm
MD: 0.268324 Tm
ED2: -5.21345kV/cm
Q3: -0.167044 Tm
Q4: 0.215332 Tm
